0 0 5
32 0 5
64 0 5
96 0 5
128 0 5
160 0 5
192 0 5
224 0 5
256 0 5
288 0 5
320 0 5
352 0 5
384 0 5
416 0 5
448 0 5
480 0 5
512 0 5
544 0 5
576 0 5
608 0 5
640 0 5
0 32 6
32 32 2
64 32 1
96 32 1
128 32 1
160 32 1
192 32 4
224 32 1
256 32 1
288 32 1
320 32 1
352 32 1
384 32 1
416 32 1
448 32 1
480 32 4
512 32 1
544 32 1
576 32 1
608 32 1
640 32 7
0 64 6
32 64 3
64 64 1
96 64 1
128 64 1
160 64 1
192 64 1
224 64 1
256 64 1
288 64 1
320 64 3
352 64 1
384 64 1
416 64 1
448 64 1
480 64 2
512 64 1
544 64 1
576 64 1
608 64 1
640 64 7
0 96 6
32 96 1
64 96 1
96 96 1
128 96 15
160 96 16
192 96 1
224 96 1
256 96 1
288 96 1
320 96 1
352 96 1
384 96 1
416 96 1
448 96 1
480 96 15
512 96 16
544 96 1
576 96 1
608 96 4
640 96 7
0 128 6
32 128 1
64 128 1
96 128 1
128 128 18
160 128 17
192 128 1
224 128 1
256 128 1
288 128 1
320 128 1
352 128 1
384 128 1
416 128 1
448 128 3
480 128 18
512 128 17
544 128 1
576 128 1
608 128 1
640 128 7
0 160 6
32 160 1
64 160 1
96 160 1
128 160 1
160 160 1
192 160 1
224 160 1
256 160 1
288 160 2
320 160 1
352 160 1
384 160 1
416 160 1
448 160 1
480 160 1
512 160 1
544 160 1
576 160 1
608 160 1
640 160 7
0 192 6
32 192 1
64 192 1
96 192 1
128 192 4
160 192 1
192 192 1
224 192 1
256 192 1
288 192 1
320 192 1
352 192 1
384 192 1
416 192 1
448 192 1
480 192 1
512 192 1
544 192 1
576 192 3
608 192 1
640 192 7
0 224 6
32 224 1
64 224 1
96 224 1
128 224 1
160 224 1
192 224 1
224 224 1
256 224 1
288 224 1
320 224 1
352 224 1
384 224 1
416 224 2
448 224 1
480 224 1
512 224 1
544 224 1
576 224 1
608 224 1
640 224 7
0 256 6
32 256 1
64 256 1
96 256 2
128 256 1
160 256 1
192 256 1
224 256 1
256 256 4
288 256 1
320 256 1
352 256 1
384 256 1
416 256 1
448 256 1
480 256 1
512 256 1
544 256 4
576 256 1
608 256 1
640 256 7
0 288 6
32 288 1
64 288 1
96 288 3
128 288 1
160 288 1
192 288 1
224 288 1
256 288 1
288 288 1
320 288 1
352 288 1
384 288 3
416 288 1
448 288 1
480 288 1
512 288 1
544 288 2
576 288 1
608 288 1
640 288 7
0 320 6
32 320 1
64 320 1
96 320 1
128 320 15
160 320 16
192 320 1
224 320 2
256 320 1
288 320 1
320 320 1
352 320 1
384 320 4
416 320 1
448 320 1
480 320 15
512 320 16
544 320 1
576 320 1
608 320 1
640 320 7
0 352 6
32 352 1
64 352 4
96 352 1
128 352 18
160 352 17
192 352 1
224 352 3
256 352 1
288 352 1
320 352 1
352 352 1
384 352 1
416 352 1
448 352 1
480 352 18
512 352 17
544 352 1
576 352 1
608 352 1
640 352 7
0 384 6
32 384 1
64 384 2
96 384 1
128 384 1
160 384 1
192 384 1
224 384 1
256 384 1
288 384 1
320 384 1
352 384 2
384 384 1
416 384 1
448 384 1
480 384 1
512 384 4
544 384 1
576 384 1
608 384 1
640 384 7
0 416 6
32 416 1
64 416 1
96 416 1
128 416 1
160 416 1
192 416 4
224 416 1
256 416 1
288 416 1
320 416 1
352 416 3
384 416 1
416 416 1
448 416 1
480 416 1
512 416 1
544 416 1
576 416 1
608 416 1
640 416 7
0 448 5
32 448 5
64 448 5
96 448 5
128 448 5
160 448 5
192 448 5
224 448 5
256 448 5
288 448 5
320 448 5
352 448 5
384 448 5
416 448 5
448 448 5
480 448 5
512 448 5
544 448 5
576 448 5
608 448 5
640 448 5
