0 0 5
16 0 5
32 0 5
48 0 5
64 0 5
80 0 5
96 0 5
112 0 5
128 0 5
144 0 5
160 0 5
176 0 5
192 0 5
208 0 5
224 0 5
240 0 5
256 0 5
272 0 5
288 0 5
304 0 5
320 0 5
0 16 6
16 16 1
32 16 1
48 16 1
64 16 1
80 16 3
96 16 1
112 16 1
128 16 1
144 16 5
160 16 5
176 16 5
192 16 1
208 16 1
224 16 1
240 16 1
256 16 1
272 16 1
288 16 1
304 16 2
320 16 7
0 32 6
16 32 1
32 32 1
48 32 1
64 32 1
80 32 4
96 32 1
112 32 1
128 32 1
144 32 1
160 32 1
176 32 1
192 32 1
208 32 1
224 32 4
240 32 1
256 32 1
272 32 1
288 32 1
304 32 3
320 32 7
0 48 6
16 48 1
32 48 1
48 48 1
64 48 1
80 48 1
96 48 1
112 48 1
128 48 1
144 48 3
160 48 1
176 48 1
192 48 1
208 48 1
224 48 2
240 48 1
256 48 1
272 48 1
288 48 1
304 48 1
320 48 7
0 64 6
16 64 1
32 64 1
48 64 1
64 64 2
80 64 1
96 64 1
112 64 1
128 64 1
144 64 4
160 64 1
176 64 1
192 64 1
208 64 1
224 64 1
240 64 1
256 64 1
272 64 1
288 64 4
304 64 1
320 64 7
0 80 6
16 80 1
32 80 1
48 80 1
64 80 3
80 80 1
96 80 1
112 80 1
128 80 1
144 80 1
160 80 1
176 80 1
192 80 1
208 80 3
224 80 1
240 80 1
256 80 1
272 80 1
288 80 2
304 80 1
320 80 7
0 96 6
16 96 1
32 96 1
48 96 1
64 96 1
80 96 1
96 96 1
112 96 1
128 96 2
144 96 1
160 96 1
176 96 1
192 96 1
208 96 4
224 96 1
240 96 1
256 96 1
272 96 1
288 96 1
304 96 1
320 96 7
0 112 6
16 112 1
32 112 1
48 112 4
64 112 1
80 112 1
96 112 1
112 112 1
128 112 3
144 112 1
160 112 1
176 112 1
192 112 1
208 112 1
224 112 1
240 112 1
256 112 1
272 112 3
288 112 1
304 112 1
320 112 10
0 128 6
16 128 1
32 128 1
48 128 2
64 128 1
80 128 1
96 128 1
112 128 1
128 128 1
144 128 1
160 128 1
176 128 1
192 128 2
208 128 1
224 128 1
240 128 1
256 128 1
272 128 4
288 128 1
304 128 1
320 128 7
0 144 6
16 144 1
32 144 1
48 144 1
64 144 1
80 144 1
96 144 1
112 144 4
128 144 1
144 144 1
160 144 1
176 144 1
192 144 3
208 144 1
224 144 1
240 144 1
256 144 1
272 144 1
288 144 1
304 144 1
320 144 7
0 160 6
16 160 1
32 160 3
48 160 1
64 160 1
80 160 1
96 160 1
112 160 2
128 160 1
144 160 1
160 160 1
176 160 3
192 160 1
208 160 1
224 160 1
240 160 1
256 160 2
272 160 1
288 160 1
304 160 1
320 160 7
0 176 6
16 176 1
32 176 1
48 176 1
64 176 1
80 176 1
96 176 2
112 176 1
128 176 1
144 176 1
160 176 1
176 176 4
192 176 1
208 176 1
224 176 1
240 176 1
256 176 1
272 176 1
288 176 1
304 176 1
320 176 7
0 192 6
16 192 4
32 192 1
48 192 1
64 192 1
80 192 1
96 192 3
112 192 1
128 192 1
144 192 1
160 192 1
176 192 1
192 192 1
208 192 1
224 192 1
240 192 3
256 192 1
272 192 1
288 192 1
304 192 1
320 192 7
0 208 6
16 208 2
32 208 1
48 208 1
64 208 1
80 208 1
96 208 1
112 208 1
128 208 1
144 208 1
160 208 2
176 208 1
192 208 1
208 208 1
224 208 1
240 208 4
256 208 1
272 208 1
288 208 1
304 208 1
320 208 7
0 224 5
16 224 5
32 224 5
48 224 5
64 224 5
80 224 5
96 224 5
112 224 5
128 224 5
144 224 5
160 224 5
176 224 5
192 224 5
208 224 5
224 224 5
240 224 5
256 224 5
272 224 5
288 224 5
304 224 5
320 224 5
